[2] 3 1 2 4 4 3 2 1
[3] 1 2 3 4 4 1 3 2
[4] 0 2 3 4 4 3 1 2
[5] 1 2 3 4 5 3 2 1
[7] 2 4 1 3 3 2 1 4
[9] 3 1 2 4 4 3 2 1
[10] 1 2 3 4 4 1 3 2
[11] 0 2 3 4 4 3 1 2
[12] 1 2 3 4 5 3 2 1
[14] 2 4 1 3 3 2 1 4 
[16] 3 1 2 4 4 3 2 1
[17] 1 2 3 4 4 1 3 2
[18] 0 2 3 4 4 3 1 2
[19] 1 2 3 4 5 3 2 1
[21] 2 4 1 3 3 2 1 4 
[23] 3 1 2 4 4 3 2 1
[24] 1 2 3 4 4 1 3 2
[25] 0 2 3 4 4 3 1 2
[26] 1 2 3 4 5 3 2 1
[28] 2 4 1 3 3 2 1 4 
[30] 3 1 2 4 4 3 2 1
[31] 1 2 3 4 4 1 3 2
[32] 0 2 3 4 4 3 1 2
[33] 1 2 3 4 5 3 2 1
[35] 2 4 1 3 3 2 1 4 
